     TIME           U            X
   0.00000000       1.00000000      -1.00000000    
   0.00000000       1.00000000     -0.990000010    
   0.00000000       1.00000000     -0.980000019    
   0.00000000       1.00000000     -0.970000029    
   0.00000000       1.00000000     -0.959999979    
   0.00000000       1.00000000     -0.949999988    
   0.00000000       1.00000000     -0.939999998    
   0.00000000       1.00000000     -0.930000007    
   0.00000000       1.00000000     -0.920000017    
   0.00000000       1.00000000     -0.910000026    
   0.00000000       1.00000000     -0.899999976    
   0.00000000       1.00000000     -0.889999986    
   0.00000000       1.00000000     -0.879999995    
   0.00000000       1.00000000     -0.870000005    
   0.00000000       1.00000000     -0.860000014    
   0.00000000       1.00000000     -0.850000024    
   0.00000000       1.00000000     -0.840000033    
   0.00000000       1.00000000     -0.829999983    
   0.00000000       1.00000000     -0.819999993    
   0.00000000       1.00000000     -0.810000002    
   0.00000000       1.00000000     -0.800000012    
   0.00000000       1.00000000     -0.790000021    
   0.00000000       1.00000000     -0.779999971    
   0.00000000       1.00000000     -0.769999981    
   0.00000000       1.00000000     -0.759999990    
   0.00000000       1.00000000     -0.750000000    
   0.00000000       1.00000000     -0.740000010    
   0.00000000       1.00000000     -0.730000019    
   0.00000000       1.00000000     -0.720000029    
   0.00000000       1.00000000     -0.710000038    
   0.00000000       1.00000000     -0.700000048    
   0.00000000       1.00000000     -0.689999998    
   0.00000000       1.00000000     -0.680000007    
   0.00000000       1.00000000     -0.670000017    
   0.00000000       1.00000000     -0.659999967    
   0.00000000       1.00000000     -0.649999976    
   0.00000000       1.00000000     -0.639999986    
   0.00000000       1.00000000     -0.629999995    
   0.00000000       1.00000000     -0.620000005    
   0.00000000       1.00000000     -0.610000014    
   0.00000000       1.00000000     -0.600000024    
   0.00000000       1.00000000     -0.590000033    
   0.00000000       1.00000000     -0.580000043    
   0.00000000       1.00000000     -0.570000052    
   0.00000000       1.00000000     -0.560000002    
   0.00000000       1.00000000     -0.550000012    
   0.00000000       1.00000000     -0.540000021    
   0.00000000       1.00000000     -0.529999971    
   0.00000000       1.00000000     -0.519999981    
   0.00000000       1.00000000     -0.509999990    
   0.00000000       1.00000000     -0.500000000    
   0.00000000       1.00000000     -0.490000010    
   0.00000000       1.00000000     -0.480000019    
   0.00000000       1.00000000     -0.470000029    
   0.00000000       1.00000000     -0.460000038    
   0.00000000       1.00000000     -0.449999988    
   0.00000000       1.00000000     -0.439999998    
   0.00000000       1.00000000     -0.430000007    
   0.00000000       1.00000000     -0.420000017    
   0.00000000       1.00000000     -0.410000026    
   0.00000000       1.00000000     -0.400000036    
   0.00000000       1.00000000     -0.389999986    
   0.00000000       1.00000000     -0.379999995    
   0.00000000       1.00000000     -0.370000005    
   0.00000000       1.00000000     -0.360000014    
   0.00000000       1.00000000     -0.350000024    
   0.00000000       1.00000000     -0.340000033    
   0.00000000       1.00000000     -0.330000043    
   0.00000000       1.00000000     -0.319999993    
   0.00000000       1.00000000     -0.310000002    
   0.00000000       1.00000000     -0.300000012    
   0.00000000       1.00000000     -0.290000021    
   0.00000000       1.00000000     -0.280000031    
   0.00000000       1.00000000     -0.270000041    
   0.00000000       1.00000000     -0.259999990    
   0.00000000       1.00000000     -0.250000000    
   0.00000000       1.00000000     -0.240000010    
   0.00000000       1.00000000     -0.230000019    
   0.00000000       1.00000000     -0.220000029    
   0.00000000       1.00000000     -0.210000038    
   0.00000000       1.00000000     -0.200000048    
   0.00000000       1.00000000     -0.189999998    
   0.00000000       1.00000000     -0.180000007    
   0.00000000       1.00000000     -0.170000017    
   0.00000000       1.00000000     -0.160000026    
   0.00000000       1.00000000     -0.150000036    
   0.00000000       1.00000000     -0.140000045    
   0.00000000       1.00000000     -0.129999995    
   0.00000000       1.00000000     -0.120000005    
   0.00000000       1.00000000     -0.110000014    
   0.00000000       1.00000000     -0.100000024    
   0.00000000       1.00000000      -9.00000334E-02
   0.00000000       1.00000000      -8.00000429E-02
   0.00000000       1.00000000      -6.99999928E-02
   0.00000000       1.00000000      -6.00000024E-02
   0.00000000       1.00000000      -5.00000119E-02
   0.00000000       1.00000000      -4.00000215E-02
   0.00000000       1.00000000      -3.00000310E-02
   0.00000000       1.00000000      -2.00000405E-02
   0.00000000       1.00000000      -1.00000501E-02
   0.00000000       1.00000000       0.00000000    
   0.00000000       0.00000000       9.99999046E-03
   0.00000000       0.00000000       1.99999809E-02
   0.00000000       0.00000000       2.99999714E-02
   0.00000000       0.00000000       3.99999619E-02
   0.00000000       0.00000000       4.99999523E-02
   0.00000000       0.00000000       5.99999428E-02
   0.00000000       0.00000000       6.99999332E-02
   0.00000000       0.00000000       7.99999237E-02
   0.00000000       0.00000000       9.00000334E-02
   0.00000000       0.00000000      0.100000024    
   0.00000000       0.00000000      0.110000014    
   0.00000000       0.00000000      0.120000005    
   0.00000000       0.00000000      0.129999995    
   0.00000000       0.00000000      0.139999986    
   0.00000000       0.00000000      0.149999976    
   0.00000000       0.00000000      0.159999967    
   0.00000000       0.00000000      0.169999957    
   0.00000000       0.00000000      0.179999948    
   0.00000000       0.00000000      0.189999938    
   0.00000000       0.00000000      0.199999928    
   0.00000000       0.00000000      0.209999919    
   0.00000000       0.00000000      0.220000029    
   0.00000000       0.00000000      0.230000019    
   0.00000000       0.00000000      0.240000010    
   0.00000000       0.00000000      0.250000000    
   0.00000000       0.00000000      0.259999990    
   0.00000000       0.00000000      0.269999981    
   0.00000000       0.00000000      0.279999971    
   0.00000000       0.00000000      0.289999962    
   0.00000000       0.00000000      0.299999952    
   0.00000000       0.00000000      0.309999943    
   0.00000000       0.00000000      0.319999933    
   0.00000000       0.00000000      0.329999924    
   0.00000000       0.00000000      0.339999914    
   0.00000000       0.00000000      0.350000024    
   0.00000000       0.00000000      0.360000014    
   0.00000000       0.00000000      0.370000005    
   0.00000000       0.00000000      0.379999995    
   0.00000000       0.00000000      0.389999986    
   0.00000000       0.00000000      0.399999976    
   0.00000000       0.00000000      0.409999967    
   0.00000000       0.00000000      0.419999957    
   0.00000000       0.00000000      0.429999948    
   0.00000000       0.00000000      0.439999938    
   0.00000000       0.00000000      0.449999928    
   0.00000000       0.00000000      0.459999919    
   0.00000000       0.00000000      0.469999909    
   0.00000000       0.00000000      0.480000019    
   0.00000000       0.00000000      0.490000010    
   0.00000000       0.00000000      0.500000000    
   0.00000000       0.00000000      0.509999990    
   0.00000000       0.00000000      0.519999981    
   0.00000000       0.00000000      0.529999971    
   0.00000000       0.00000000      0.539999962    
   0.00000000       0.00000000      0.549999952    
   0.00000000       0.00000000      0.559999943    
   0.00000000       0.00000000      0.569999933    
   0.00000000       0.00000000      0.579999924    
   0.00000000       0.00000000      0.589999914    
   0.00000000       0.00000000      0.599999905    
   0.00000000       0.00000000      0.610000014    
   0.00000000       0.00000000      0.620000005    
   0.00000000       0.00000000      0.629999995    
   0.00000000       0.00000000      0.639999986    
   0.00000000       0.00000000      0.649999976    
   0.00000000       0.00000000      0.659999967    
   0.00000000       0.00000000      0.669999957    
   0.00000000       0.00000000      0.679999948    
   0.00000000       0.00000000      0.689999938    
   0.00000000       0.00000000      0.699999928    
   0.00000000       0.00000000      0.709999919    
   0.00000000       0.00000000      0.719999909    
   0.00000000       0.00000000      0.730000019    
   0.00000000       0.00000000      0.740000010    
   0.00000000       0.00000000      0.750000000    
   0.00000000       0.00000000      0.759999990    
   0.00000000       0.00000000      0.769999981    
   0.00000000       0.00000000      0.779999971    
   0.00000000       0.00000000      0.789999962    
   0.00000000       0.00000000      0.799999952    
   0.00000000       0.00000000      0.809999943    
   0.00000000       0.00000000      0.819999933    
   0.00000000       0.00000000      0.829999924    
   0.00000000       0.00000000      0.839999914    
   0.00000000       0.00000000      0.849999905    
   0.00000000       0.00000000      0.860000014    
   0.00000000       0.00000000      0.870000005    
   0.00000000       0.00000000      0.879999995    
   0.00000000       0.00000000      0.889999986    
   0.00000000       0.00000000      0.899999976    
   0.00000000       0.00000000      0.909999967    
   0.00000000       0.00000000      0.919999957    
   0.00000000       0.00000000      0.929999948    
   0.00000000       0.00000000      0.939999938    
   0.00000000       0.00000000      0.949999928    
   0.00000000       0.00000000      0.959999919    
   0.00000000       0.00000000      0.969999909    
   0.00000000       0.00000000      0.979999900    
   0.00000000       0.00000000      0.990000010    
   0.00000000       0.00000000       1.00000000    

  0.125000000       1.00000000      -1.00000000    
  0.125000000       1.00000000     -0.990000010    
  0.125000000       1.00000000     -0.980000019    
  0.125000000       1.00000000     -0.970000029    
  0.125000000       1.00000000     -0.959999979    
  0.125000000       1.00000000     -0.949999988    
  0.125000000       1.00000000     -0.939999998    
  0.125000000       1.00000000     -0.930000007    
  0.125000000       1.00000000     -0.920000017    
  0.125000000       1.00000000     -0.910000026    
  0.125000000       1.00000000     -0.899999976    
  0.125000000       1.00000000     -0.889999986    
  0.125000000       1.00000000     -0.879999995    
  0.125000000       1.00000000     -0.870000005    
  0.125000000       1.00000000     -0.860000014    
  0.125000000       1.00000000     -0.850000024    
  0.125000000       1.00000000     -0.840000033    
  0.125000000       1.00000000     -0.829999983    
  0.125000000       1.00000000     -0.819999993    
  0.125000000       1.00000000     -0.810000002    
  0.125000000       1.00000000     -0.800000012    
  0.125000000       1.00000000     -0.790000021    
  0.125000000       1.00000000     -0.779999971    
  0.125000000       1.00000000     -0.769999981    
  0.125000000       1.00000000     -0.759999990    
  0.125000000       1.00000000     -0.750000000    
  0.125000000       1.00000000     -0.740000010    
  0.125000000       1.00000000     -0.730000019    
  0.125000000       1.00000000     -0.720000029    
  0.125000000       1.00000000     -0.710000038    
  0.125000000       1.00000000     -0.700000048    
  0.125000000       1.00000000     -0.689999998    
  0.125000000       1.00000000     -0.680000007    
  0.125000000       1.00000000     -0.670000017    
  0.125000000       1.00000000     -0.659999967    
  0.125000000       1.00000000     -0.649999976    
  0.125000000       1.00000000     -0.639999986    
  0.125000000       1.00000000     -0.629999995    
  0.125000000       1.00000000     -0.620000005    
  0.125000000       1.00000000     -0.610000014    
  0.125000000       1.00000000     -0.600000024    
  0.125000000       1.00000000     -0.590000033    
  0.125000000       1.00000000     -0.580000043    
  0.125000000       1.00000000     -0.570000052    
  0.125000000       1.00000000     -0.560000002    
  0.125000000       1.00000000     -0.550000012    
  0.125000000       1.00000000     -0.540000021    
  0.125000000       1.00000000     -0.529999971    
  0.125000000       1.00000000     -0.519999981    
  0.125000000       1.00000000     -0.509999990    
  0.125000000       1.00000000     -0.500000000    
  0.125000000       1.00000000     -0.490000010    
  0.125000000       1.00000000     -0.480000019    
  0.125000000       1.00000000     -0.470000029    
  0.125000000       1.00000000     -0.460000038    
  0.125000000       1.00000000     -0.449999988    
  0.125000000       1.00000000     -0.439999998    
  0.125000000       1.00000000     -0.430000007    
  0.125000000       1.00000000     -0.420000017    
  0.125000000       1.00000000     -0.410000026    
  0.125000000       1.00000000     -0.400000036    
  0.125000000       1.00000000     -0.389999986    
  0.125000000       1.00000000     -0.379999995    
  0.125000000       1.00000000     -0.370000005    
  0.125000000       1.00000000     -0.360000014    
  0.125000000       1.00000000     -0.350000024    
  0.125000000       1.00000000     -0.340000033    
  0.125000000       1.00000000     -0.330000043    
  0.125000000       1.00000000     -0.319999993    
  0.125000000       1.00000000     -0.310000002    
  0.125000000       1.00000000     -0.300000012    
  0.125000000       1.00000000     -0.290000021    
  0.125000000       1.00000000     -0.280000031    
  0.125000000       1.00000000     -0.270000041    
  0.125000000       1.00000000     -0.259999990    
  0.125000000       1.00000000     -0.250000000    
  0.125000000       1.00000000     -0.240000010    
  0.125000000       1.00000000     -0.230000019    
  0.125000000       1.00000000     -0.220000029    
  0.125000000       1.00000000     -0.210000038    
  0.125000000       1.00000000     -0.200000048    
  0.125000000       1.00000000     -0.189999998    
  0.125000000       1.00000000     -0.180000007    
  0.125000000       1.00000000     -0.170000017    
  0.125000000       1.00000000     -0.160000026    
  0.125000000       1.00000000     -0.150000036    
  0.125000000       1.00000000     -0.140000045    
  0.125000000       1.00000000     -0.129999995    
  0.125000000      0.999999881     -0.120000005    
  0.125000000      0.999999881     -0.110000014    
  0.125000000      0.999998927     -0.100000024    
  0.125000000      0.999998927      -9.00000334E-02
  0.125000000      0.999992609      -8.00000429E-02
  0.125000000      0.999992609      -6.99999928E-02
  0.125000000      0.999956846      -6.00000024E-02
  0.125000000      0.999956846      -5.00000119E-02
  0.125000000      0.999785423      -4.00000215E-02
  0.125000000      0.999785423      -3.00000310E-02
  0.125000000      0.999084115      -2.00000405E-02
  0.125000000      0.999084115      -1.00000501E-02
  0.125000000      0.996629596       0.00000000    
  0.125000000      0.996629596       9.99999046E-03
  0.125000000      0.989265680       1.99999809E-02
  0.125000000      0.989265680       2.99999714E-02
  0.125000000      0.970330119       3.99999619E-02
  0.125000000      0.970330119       4.99999523E-02
  0.125000000      0.928671777       5.99999428E-02
  0.125000000      0.928671777       6.99999332E-02
  0.125000000      0.850562274       7.99999237E-02
  0.125000000      0.850562274       9.00000334E-02
  0.125000000      0.726506174      0.100000024    
  0.125000000      0.726506174      0.110000014    
  0.125000000      0.561098039      0.120000005    
  0.125000000      0.561098039      0.129999995    
  0.125000000      0.378278494      0.139999986    
  0.125000000      0.378278494      0.149999976    
  0.125000000      0.213740945      0.159999967    
  0.125000000      0.213740945      0.169999957    
  0.125000000       9.62140784E-02  0.179999948    
  0.125000000       9.62140784E-02  0.189999938    
  0.125000000       3.21085192E-02  0.199999928    
  0.125000000       3.21085192E-02  0.209999919    
  0.125000000       7.02373870E-03  0.220000029    
  0.125000000       7.02373870E-03  0.230000019    
  0.125000000       7.52543507E-04  0.240000010    
  0.125000000       7.52543507E-04  0.250000000    
  0.125000000       0.00000000      0.259999990    
  0.125000000       0.00000000      0.269999981    
  0.125000000       0.00000000      0.279999971    
  0.125000000       0.00000000      0.289999962    
  0.125000000       0.00000000      0.299999952    
  0.125000000       0.00000000      0.309999943    
  0.125000000       0.00000000      0.319999933    
  0.125000000       0.00000000      0.329999924    
  0.125000000       0.00000000      0.339999914    
  0.125000000       0.00000000      0.350000024    
  0.125000000       0.00000000      0.360000014    
  0.125000000       0.00000000      0.370000005    
  0.125000000       0.00000000      0.379999995    
  0.125000000       0.00000000      0.389999986    
  0.125000000       0.00000000      0.399999976    
  0.125000000       0.00000000      0.409999967    
  0.125000000       0.00000000      0.419999957    
  0.125000000       0.00000000      0.429999948    
  0.125000000       0.00000000      0.439999938    
  0.125000000       0.00000000      0.449999928    
  0.125000000       0.00000000      0.459999919    
  0.125000000       0.00000000      0.469999909    
  0.125000000       0.00000000      0.480000019    
  0.125000000       0.00000000      0.490000010    
  0.125000000       0.00000000      0.500000000    
  0.125000000       0.00000000      0.509999990    
  0.125000000       0.00000000      0.519999981    
  0.125000000       0.00000000      0.529999971    
  0.125000000       0.00000000      0.539999962    
  0.125000000       0.00000000      0.549999952    
  0.125000000       0.00000000      0.559999943    
  0.125000000       0.00000000      0.569999933    
  0.125000000       0.00000000      0.579999924    
  0.125000000       0.00000000      0.589999914    
  0.125000000       0.00000000      0.599999905    
  0.125000000       0.00000000      0.610000014    
  0.125000000       0.00000000      0.620000005    
  0.125000000       0.00000000      0.629999995    
  0.125000000       0.00000000      0.639999986    
  0.125000000       0.00000000      0.649999976    
  0.125000000       0.00000000      0.659999967    
  0.125000000       0.00000000      0.669999957    
  0.125000000       0.00000000      0.679999948    
  0.125000000       0.00000000      0.689999938    
  0.125000000       0.00000000      0.699999928    
  0.125000000       0.00000000      0.709999919    
  0.125000000       0.00000000      0.719999909    
  0.125000000       0.00000000      0.730000019    
  0.125000000       0.00000000      0.740000010    
  0.125000000       0.00000000      0.750000000    
  0.125000000       0.00000000      0.759999990    
  0.125000000       0.00000000      0.769999981    
  0.125000000       0.00000000      0.779999971    
  0.125000000       0.00000000      0.789999962    
  0.125000000       0.00000000      0.799999952    
  0.125000000       0.00000000      0.809999943    
  0.125000000       0.00000000      0.819999933    
  0.125000000       0.00000000      0.829999924    
  0.125000000       0.00000000      0.839999914    
  0.125000000       0.00000000      0.849999905    
  0.125000000       0.00000000      0.860000014    
  0.125000000       0.00000000      0.870000005    
  0.125000000       0.00000000      0.879999995    
  0.125000000       0.00000000      0.889999986    
  0.125000000       0.00000000      0.899999976    
  0.125000000       0.00000000      0.909999967    
  0.125000000       0.00000000      0.919999957    
  0.125000000       0.00000000      0.929999948    
  0.125000000       0.00000000      0.939999938    
  0.125000000       0.00000000      0.949999928    
  0.125000000       0.00000000      0.959999919    
  0.125000000       0.00000000      0.969999909    
  0.125000000       0.00000000      0.979999900    
  0.125000000       0.00000000      0.990000010    
  0.125000000       0.00000000       1.00000000    

  0.250000000       1.00000000      -1.00000000    
  0.250000000       1.00000000     -0.990000010    
  0.250000000       1.00000000     -0.980000019    
  0.250000000       1.00000000     -0.970000029    
  0.250000000       1.00000000     -0.959999979    
  0.250000000       1.00000000     -0.949999988    
  0.250000000       1.00000000     -0.939999998    
  0.250000000       1.00000000     -0.930000007    
  0.250000000       1.00000000     -0.920000017    
  0.250000000       1.00000000     -0.910000026    
  0.250000000       1.00000000     -0.899999976    
  0.250000000       1.00000000     -0.889999986    
  0.250000000       1.00000000     -0.879999995    
  0.250000000       1.00000000     -0.870000005    
  0.250000000       1.00000000     -0.860000014    
  0.250000000       1.00000000     -0.850000024    
  0.250000000       1.00000000     -0.840000033    
  0.250000000       1.00000000     -0.829999983    
  0.250000000       1.00000000     -0.819999993    
  0.250000000       1.00000000     -0.810000002    
  0.250000000       1.00000000     -0.800000012    
  0.250000000       1.00000000     -0.790000021    
  0.250000000       1.00000000     -0.779999971    
  0.250000000       1.00000000     -0.769999981    
  0.250000000       1.00000000     -0.759999990    
  0.250000000       1.00000000     -0.750000000    
  0.250000000       1.00000000     -0.740000010    
  0.250000000       1.00000000     -0.730000019    
  0.250000000       1.00000000     -0.720000029    
  0.250000000       1.00000000     -0.710000038    
  0.250000000       1.00000000     -0.700000048    
  0.250000000       1.00000000     -0.689999998    
  0.250000000       1.00000000     -0.680000007    
  0.250000000       1.00000000     -0.670000017    
  0.250000000       1.00000000     -0.659999967    
  0.250000000       1.00000000     -0.649999976    
  0.250000000       1.00000000     -0.639999986    
  0.250000000       1.00000000     -0.629999995    
  0.250000000       1.00000000     -0.620000005    
  0.250000000       1.00000000     -0.610000014    
  0.250000000       1.00000000     -0.600000024    
  0.250000000       1.00000000     -0.590000033    
  0.250000000       1.00000000     -0.580000043    
  0.250000000       1.00000000     -0.570000052    
  0.250000000       1.00000000     -0.560000002    
  0.250000000       1.00000000     -0.550000012    
  0.250000000       1.00000000     -0.540000021    
  0.250000000       1.00000000     -0.529999971    
  0.250000000       1.00000000     -0.519999981    
  0.250000000       1.00000000     -0.509999990    
  0.250000000       1.00000000     -0.500000000    
  0.250000000       1.00000000     -0.490000010    
  0.250000000       1.00000000     -0.480000019    
  0.250000000       1.00000000     -0.470000029    
  0.250000000       1.00000000     -0.460000038    
  0.250000000       1.00000000     -0.449999988    
  0.250000000       1.00000000     -0.439999998    
  0.250000000       1.00000000     -0.430000007    
  0.250000000       1.00000000     -0.420000017    
  0.250000000       1.00000000     -0.410000026    
  0.250000000       1.00000000     -0.400000036    
  0.250000000       1.00000000     -0.389999986    
  0.250000000       1.00000000     -0.379999995    
  0.250000000       1.00000000     -0.370000005    
  0.250000000       1.00000000     -0.360000014    
  0.250000000       1.00000000     -0.350000024    
  0.250000000       1.00000000     -0.340000033    
  0.250000000       1.00000000     -0.330000043    
  0.250000000       1.00000000     -0.319999993    
  0.250000000       1.00000000     -0.310000002    
  0.250000000       1.00000000     -0.300000012    
  0.250000000       1.00000000     -0.290000021    
  0.250000000       1.00000000     -0.280000031    
  0.250000000       1.00000000     -0.270000041    
  0.250000000       1.00000000     -0.259999990    
  0.250000000       1.00000000     -0.250000000    
  0.250000000       1.00000000     -0.240000010    
  0.250000000       1.00000000     -0.230000019    
  0.250000000       1.00000000     -0.220000029    
  0.250000000       1.00000000     -0.210000038    
  0.250000000       1.00000000     -0.200000048    
  0.250000000       1.00000000     -0.189999998    
  0.250000000       1.00000000     -0.180000007    
  0.250000000       1.00000000     -0.170000017    
  0.250000000       1.00000000     -0.160000026    
  0.250000000       1.00000000     -0.150000036    
  0.250000000       1.00000000     -0.140000045    
  0.250000000       1.00000000     -0.129999995    
  0.250000000       1.00000000     -0.120000005    
  0.250000000       1.00000000     -0.110000014    
  0.250000000       1.00000000     -0.100000024    
  0.250000000      0.999999881      -9.00000334E-02
  0.250000000      0.999999881      -8.00000429E-02
  0.250000000      0.999999285      -6.99999928E-02
  0.250000000      0.999999285      -6.00000024E-02
  0.250000000      0.999997079      -5.00000119E-02
  0.250000000      0.999997079      -4.00000215E-02
  0.250000000      0.999989033      -3.00000310E-02
  0.250000000      0.999989033      -2.00000405E-02
  0.250000000      0.999962091      -1.00000501E-02
  0.250000000      0.999962091       0.00000000    
  0.250000000      0.999877512       9.99999046E-03
  0.250000000      0.999877512       1.99999809E-02
  0.250000000      0.999633729       2.99999714E-02
  0.250000000      0.999633729       3.99999619E-02
  0.250000000      0.998983741       4.99999523E-02
  0.250000000      0.998983741       5.99999428E-02
  0.250000000      0.997382104       6.99999332E-02
  0.250000000      0.997382104       7.99999237E-02
  0.250000000      0.993737042       9.00000334E-02
  0.250000000      0.993737042      0.100000024    
  0.250000000      0.986082315      0.110000014    
  0.250000000      0.986082315      0.120000005    
  0.250000000      0.971266747      0.129999995    
  0.250000000      0.971266747      0.139999986    
  0.250000000      0.944876552      0.149999976    
  0.250000000      0.944876552      0.159999967    
  0.250000000      0.901692629      0.169999957    
  0.250000000      0.901692629      0.179999948    
  0.250000000      0.836916625      0.189999938    
  0.250000000      0.836916625      0.199999928    
  0.250000000      0.748080969      0.209999919    
  0.250000000      0.748080969      0.220000029    
  0.250000000      0.637036562      0.230000019    
  0.250000000      0.637036562      0.240000010    
  0.250000000      0.510986090      0.250000000    
  0.250000000      0.510986090      0.259999990    
  0.250000000      0.381618500      0.269999981    
  0.250000000      0.381618500      0.279999971    
  0.250000000      0.262202293      0.289999962    
  0.250000000      0.262202293      0.299999952    
  0.250000000      0.163683891      0.309999943    
  0.250000000      0.163683891      0.319999933    
  0.250000000       9.15972516E-02  0.329999924    
  0.250000000       9.15972516E-02  0.339999914    
  0.250000000       4.52558473E-02  0.350000024    
  0.250000000       4.52558473E-02  0.360000014    
  0.250000000       1.93908755E-02  0.370000005    
  0.250000000       1.93908755E-02  0.379999995    
  0.250000000       7.04622548E-03  0.389999986    
  0.250000000       7.04622548E-03  0.399999976    
  0.250000000       2.10836669E-03  0.409999967    
  0.250000000       2.10836669E-03  0.419999957    
  0.250000000       4.98195295E-04  0.429999948    
  0.250000000       4.98195295E-04  0.439999938    
  0.250000000       8.70876975E-05  0.449999928    
  0.250000000       8.70876975E-05  0.459999919    
  0.250000000       1.00050165E-05  0.469999909    
  0.250000000       1.00050165E-05  0.480000019    
  0.250000000       5.66321660E-07  0.490000010    
  0.250000000       5.66321660E-07  0.500000000    
  0.250000000       0.00000000      0.509999990    
  0.250000000       0.00000000      0.519999981    
  0.250000000       0.00000000      0.529999971    
  0.250000000       0.00000000      0.539999962    
  0.250000000       0.00000000      0.549999952    
  0.250000000       0.00000000      0.559999943    
  0.250000000       0.00000000      0.569999933    
  0.250000000       0.00000000      0.579999924    
  0.250000000       0.00000000      0.589999914    
  0.250000000       0.00000000      0.599999905    
  0.250000000       0.00000000      0.610000014    
  0.250000000       0.00000000      0.620000005    
  0.250000000       0.00000000      0.629999995    
  0.250000000       0.00000000      0.639999986    
  0.250000000       0.00000000      0.649999976    
  0.250000000       0.00000000      0.659999967    
  0.250000000       0.00000000      0.669999957    
  0.250000000       0.00000000      0.679999948    
  0.250000000       0.00000000      0.689999938    
  0.250000000       0.00000000      0.699999928    
  0.250000000       0.00000000      0.709999919    
  0.250000000       0.00000000      0.719999909    
  0.250000000       0.00000000      0.730000019    
  0.250000000       0.00000000      0.740000010    
  0.250000000       0.00000000      0.750000000    
  0.250000000       0.00000000      0.759999990    
  0.250000000       0.00000000      0.769999981    
  0.250000000       0.00000000      0.779999971    
  0.250000000       0.00000000      0.789999962    
  0.250000000       0.00000000      0.799999952    
  0.250000000       0.00000000      0.809999943    
  0.250000000       0.00000000      0.819999933    
  0.250000000       0.00000000      0.829999924    
  0.250000000       0.00000000      0.839999914    
  0.250000000       0.00000000      0.849999905    
  0.250000000       0.00000000      0.860000014    
  0.250000000       0.00000000      0.870000005    
  0.250000000       0.00000000      0.879999995    
  0.250000000       0.00000000      0.889999986    
  0.250000000       0.00000000      0.899999976    
  0.250000000       0.00000000      0.909999967    
  0.250000000       0.00000000      0.919999957    
  0.250000000       0.00000000      0.929999948    
  0.250000000       0.00000000      0.939999938    
  0.250000000       0.00000000      0.949999928    
  0.250000000       0.00000000      0.959999919    
  0.250000000       0.00000000      0.969999909    
  0.250000000       0.00000000      0.979999900    
  0.250000000       0.00000000      0.990000010    
  0.250000000       0.00000000       1.00000000    

  0.500000000       1.00000000      -1.00000000    
  0.500000000       1.00000000     -0.990000010    
  0.500000000       1.00000000     -0.980000019    
  0.500000000       1.00000000     -0.970000029    
  0.500000000       1.00000000     -0.959999979    
  0.500000000       1.00000000     -0.949999988    
  0.500000000       1.00000000     -0.939999998    
  0.500000000       1.00000000     -0.930000007    
  0.500000000       1.00000000     -0.920000017    
  0.500000000       1.00000000     -0.910000026    
  0.500000000       1.00000000     -0.899999976    
  0.500000000       1.00000000     -0.889999986    
  0.500000000       1.00000000     -0.879999995    
  0.500000000       1.00000000     -0.870000005    
  0.500000000       1.00000000     -0.860000014    
  0.500000000       1.00000000     -0.850000024    
  0.500000000       1.00000000     -0.840000033    
  0.500000000       1.00000000     -0.829999983    
  0.500000000       1.00000000     -0.819999993    
  0.500000000       1.00000000     -0.810000002    
  0.500000000       1.00000000     -0.800000012    
  0.500000000       1.00000000     -0.790000021    
  0.500000000       1.00000000     -0.779999971    
  0.500000000       1.00000000     -0.769999981    
  0.500000000       1.00000000     -0.759999990    
  0.500000000       1.00000000     -0.750000000    
  0.500000000       1.00000000     -0.740000010    
  0.500000000       1.00000000     -0.730000019    
  0.500000000       1.00000000     -0.720000029    
  0.500000000       1.00000000     -0.710000038    
  0.500000000       1.00000000     -0.700000048    
  0.500000000       1.00000000     -0.689999998    
  0.500000000       1.00000000     -0.680000007    
  0.500000000       1.00000000     -0.670000017    
  0.500000000       1.00000000     -0.659999967    
  0.500000000       1.00000000     -0.649999976    
  0.500000000       1.00000000     -0.639999986    
  0.500000000       1.00000000     -0.629999995    
  0.500000000       1.00000000     -0.620000005    
  0.500000000       1.00000000     -0.610000014    
  0.500000000       1.00000000     -0.600000024    
  0.500000000       1.00000000     -0.590000033    
  0.500000000       1.00000000     -0.580000043    
  0.500000000       1.00000000     -0.570000052    
  0.500000000       1.00000000     -0.560000002    
  0.500000000       1.00000000     -0.550000012    
  0.500000000       1.00000000     -0.540000021    
  0.500000000       1.00000000     -0.529999971    
  0.500000000       1.00000000     -0.519999981    
  0.500000000       1.00000000     -0.509999990    
  0.500000000       1.00000000     -0.500000000    
  0.500000000       1.00000000     -0.490000010    
  0.500000000       1.00000000     -0.480000019    
  0.500000000       1.00000000     -0.470000029    
  0.500000000       1.00000000     -0.460000038    
  0.500000000       1.00000000     -0.449999988    
  0.500000000       1.00000000     -0.439999998    
  0.500000000       1.00000000     -0.430000007    
  0.500000000       1.00000000     -0.420000017    
  0.500000000       1.00000000     -0.410000026    
  0.500000000       1.00000000     -0.400000036    
  0.500000000       1.00000000     -0.389999986    
  0.500000000       1.00000000     -0.379999995    
  0.500000000       1.00000000     -0.370000005    
  0.500000000       1.00000000     -0.360000014    
  0.500000000       1.00000000     -0.350000024    
  0.500000000       1.00000000     -0.340000033    
  0.500000000       1.00000000     -0.330000043    
  0.500000000       1.00000000     -0.319999993    
  0.500000000       1.00000000     -0.310000002    
  0.500000000       1.00000000     -0.300000012    
  0.500000000       1.00000000     -0.290000021    
  0.500000000       1.00000000     -0.280000031    
  0.500000000       1.00000000     -0.270000041    
  0.500000000       1.00000000     -0.259999990    
  0.500000000       1.00000000     -0.250000000    
  0.500000000       1.00000000     -0.240000010    
  0.500000000       1.00000000     -0.230000019    
  0.500000000       1.00000000     -0.220000029    
  0.500000000       1.00000000     -0.210000038    
  0.500000000       1.00000000     -0.200000048    
  0.500000000       1.00000000     -0.189999998    
  0.500000000       1.00000000     -0.180000007    
  0.500000000       1.00000000     -0.170000017    
  0.500000000       1.00000000     -0.160000026    
  0.500000000       1.00000000     -0.150000036    
  0.500000000       1.00000000     -0.140000045    
  0.500000000       1.00000000     -0.129999995    
  0.500000000       1.00000000     -0.120000005    
  0.500000000       1.00000000     -0.110000014    
  0.500000000       1.00000000     -0.100000024    
  0.500000000       1.00000000      -9.00000334E-02
  0.500000000       1.00000000      -8.00000429E-02
  0.500000000       1.00000000      -6.99999928E-02
  0.500000000       1.00000000      -6.00000024E-02
  0.500000000       1.00000000      -5.00000119E-02
  0.500000000       1.00000000      -4.00000215E-02
  0.500000000       1.00000000      -3.00000310E-02
  0.500000000       1.00000000      -2.00000405E-02
  0.500000000       1.00000000      -1.00000501E-02
  0.500000000       1.00000000       0.00000000    
  0.500000000       1.00000000       9.99999046E-03
  0.500000000       1.00000000       1.99999809E-02
  0.500000000      0.999999940       2.99999714E-02
  0.500000000      0.999999940       3.99999619E-02
  0.500000000      0.999999523       4.99999523E-02
  0.500000000      0.999999523       5.99999428E-02
  0.500000000      0.999998450       6.99999332E-02
  0.500000000      0.999998450       7.99999237E-02
  0.500000000      0.999995887       9.00000334E-02
  0.500000000      0.999995887      0.100000024    
  0.500000000      0.999989092      0.110000014    
  0.500000000      0.999989092      0.120000005    
  0.500000000      0.999972939      0.129999995    
  0.500000000      0.999972939      0.139999986    
  0.500000000      0.999935865      0.149999976    
  0.500000000      0.999935865      0.159999967    
  0.500000000      0.999853075      0.169999957    
  0.500000000      0.999853075      0.179999948    
  0.500000000      0.999676287      0.189999938    
  0.500000000      0.999676287      0.199999928    
  0.500000000      0.999313593      0.209999919    
  0.500000000      0.999313593      0.220000029    
  0.500000000      0.998600185      0.230000019    
  0.500000000      0.998600185      0.240000010    
  0.500000000      0.997253954      0.250000000    
  0.500000000      0.997253954      0.259999990    
  0.500000000      0.994817853      0.269999981    
  0.500000000      0.994817853      0.279999971    
  0.500000000      0.990592957      0.289999962    
  0.500000000      0.990592957      0.299999952    
  0.500000000      0.983573198      0.309999943    
  0.500000000      0.983573198      0.319999933    
  0.500000000      0.972405314      0.329999924    
  0.500000000      0.972405314      0.339999914    
  0.500000000      0.955403507      0.350000024    
  0.500000000      0.955403507      0.360000014    
  0.500000000      0.930650949      0.370000005    
  0.500000000      0.930650949      0.379999995    
  0.500000000      0.896212697      0.389999986    
  0.500000000      0.896212697      0.399999976    
  0.500000000      0.850458801      0.409999967    
  0.500000000      0.850458801      0.419999957    
  0.500000000      0.792460978      0.429999948    
  0.500000000      0.792460978      0.439999938    
  0.500000000      0.722380519      0.449999928    
  0.500000000      0.722380519      0.459999919    
  0.500000000      0.641739786      0.469999909    
  0.500000000      0.641739786      0.480000019    
  0.500000000      0.553470731      0.490000010    
  0.500000000      0.553470731      0.500000000    
  0.500000000      0.461670995      0.509999990    
  0.500000000      0.461670995      0.519999981    
  0.500000000      0.371079206      0.529999971    
  0.500000000      0.371079206      0.539999962    
  0.500000000      0.286370039      0.549999952    
  0.500000000      0.286370039      0.559999943    
  0.500000000      0.211434975      0.569999933    
  0.500000000      0.211434975      0.579999924    
  0.500000000      0.148831025      0.589999914    
  0.500000000      0.148831025      0.599999905    
  0.500000000       9.95303988E-02  0.610000014    
  0.500000000       9.95303988E-02  0.620000005    
  0.500000000       6.30114153E-02  0.629999995    
  0.500000000       6.30114153E-02  0.639999986    
  0.500000000       3.76262665E-02  0.649999976    
  0.500000000       3.76262665E-02  0.659999967    
  0.500000000       2.11106241E-02  0.669999957    
  0.500000000       2.11106241E-02  0.679999948    
  0.500000000       1.10832686E-02  0.689999938    
  0.500000000       1.10832686E-02  0.699999928    
  0.500000000       5.42076258E-03  0.709999919    
  0.500000000       5.42076258E-03  0.719999909    
  0.500000000       2.45782291E-03  0.730000019    
  0.500000000       2.45782291E-03  0.740000010    
  0.500000000       1.02743821E-03  0.750000000    
  0.500000000       1.02743821E-03  0.759999990    
  0.500000000       3.93517810E-04  0.769999981    
  0.500000000       3.93517810E-04  0.779999971    
  0.500000000       1.37100549E-04  0.789999962    
  0.500000000       1.37100549E-04  0.799999952    
  0.500000000       4.30809087E-05  0.809999943    
  0.500000000       4.30809087E-05  0.819999933    
  0.500000000       1.20854256E-05  0.829999924    
  0.500000000       1.20854256E-05  0.839999914    
  0.500000000       2.98892405E-06  0.849999905    
  0.500000000       2.98892405E-06  0.860000014    
  0.500000000       6.41439669E-07  0.870000005    
  0.500000000       6.41439669E-07  0.879999995    
  0.500000000       1.17001505E-07  0.889999986    
  0.500000000       1.17001505E-07  0.899999976    
  0.500000000       1.76342922E-08  0.909999967    
  0.500000000       1.76342922E-08  0.919999957    
  0.500000000       2.10816564E-09  0.929999948    
  0.500000000       2.10816564E-09  0.939999938    
  0.500000000       1.87407492E-10  0.949999928    
  0.500000000       1.87407492E-10  0.959999919    
  0.500000000       1.10113915E-11  0.969999909    
  0.500000000       1.10113915E-11  0.979999900    
  0.500000000       3.20720203E-13  0.990000010    
  0.500000000       0.00000000       1.00000000    

