 Variables="X","Density","Velocity","Pressure","Energy"
   2.49999994E-03   1.00000000       2.22484985E-07   1.00000000       2.50000024    
   7.49999983E-03   1.00000000       1.24135295E-06   1.00000000       2.50000024    
   1.24999993E-02  0.999999821       8.00709404E-06  0.999999642       2.49999976    
   1.75000001E-02  0.999981105       3.92822549E-05  0.999982893       2.50000453    
   2.24999990E-02  0.999926388       1.04791681E-04  0.999899924       2.49993396    
   2.74999980E-02  0.999853849       2.05904362E-04  0.999786496       2.49983168    
   3.24999988E-02  0.999725938       3.61576735E-04  0.999605775       2.49969959    
   3.75000015E-02  0.999533415       5.99527266E-04  0.999336302       2.49950719    
   4.25000004E-02  0.999244332       9.53194336E-04  0.998920262       2.49918938    
   4.74999994E-02  0.998818755       1.46454398E-03  0.998321831       2.49875641    
   5.24999984E-02  0.998216867       2.18713260E-03  0.997475564       2.49814367    
   5.75000010E-02  0.997381449       3.18589807E-03  0.996301711       2.49729371    
   6.25000000E-02  0.996248066       4.53665387E-03  0.994715989       2.49615574    
   6.74999952E-02  0.994747460       6.32565515E-03  0.992616594       2.49464464    
   7.24999979E-02  0.992798328       8.64699949E-03  0.989896059       2.49269176    
   7.74999931E-02  0.990325928       1.15987705E-02  0.986444116       2.49020076    
   8.24999958E-02  0.987242043       1.52805205E-02  0.982151449       2.48710895    
   8.74999985E-02  0.983475626       1.97884813E-02  0.976915181       2.48332357    
   9.24999937E-02  0.978954136       2.52110809E-02  0.970645666       2.47878242    
   9.74999964E-02  0.973627210       3.16250436E-02  0.963274300       2.47341704    
  0.102499992      0.967452049       3.90923470E-02  0.954749525       2.46717548    
  0.107499994      0.960397005       4.76592034E-02  0.945047617       2.46004438    
  0.112499997      0.952459514       5.73546998E-02  0.934169829       2.45199370    
  0.117499992      0.943648934       6.81896061E-02  0.922136426       2.44300747    
  0.122499995      0.933984697       8.01595226E-02  0.908995450       2.43311167    
  0.127499998      0.923506021       9.32456180E-02  0.894818544       2.42234087    
  0.132499993      0.912258387      0.107417732      0.879674673       2.41070604    
  0.137499988      0.900295436      0.122635484      0.863647521       2.39823365    
  0.142499998      0.887679815      0.138858125      0.846850276       2.38501072    
  0.147499993      0.874470234      0.156037018      0.829369187       2.37106180    
  0.152499989      0.860761106      0.174108714      0.811304808       2.35635900    
  0.157499999      0.846557200      0.193029553      0.792753100       2.34110928    
  0.162499994      0.831941605      0.212743208      0.773814857       2.32532835    
  0.167499989      0.817034721      0.233184770      0.754586041       2.30891681    
  0.172499999      0.801845014      0.254315376      0.735142469       2.29203439    
  0.177499995      0.786424696      0.276083291      0.715565145       2.27474165    
  0.182499990      0.770827055      0.298444390      0.695922196       2.25706363    
  0.187500000      0.755099177      0.321358055      0.676276982       2.23903370    
  0.192499995      0.739283383      0.344787538      0.656684577       2.22067976    
  0.197499990      0.723417580      0.368696511      0.637197554       2.20203924    
  0.202499986      0.707540333      0.393050730      0.617860854       2.18312955    
  0.207499996      0.691679537      0.417822301      0.598711669       2.16397786    
  0.212499991      0.675861835      0.442986548      0.579785109       2.14461422    
  0.217499986      0.660110295      0.468520045      0.561107159       2.12505102    
  0.222499996      0.644451261      0.494395941      0.542711020       2.10532236    
  0.227499992      0.628901601      0.520596862      0.524615169       2.08544254    
  0.232499987      0.613477409      0.547106504      0.506838262       2.06543207    
  0.237499997      0.598197639      0.573904574      0.489397675       2.04530096    
  0.242499992      0.583073914      0.600977659      0.472304404       2.02506256    
  0.247499987      0.568120718      0.628311753      0.455571324       2.00472951    
  0.252499998      0.553345501      0.655895412      0.439207911       1.98432970    
  0.257499993      0.538768113      0.683703125      0.423224151       1.96385133    
  0.262499988      0.524396241      0.711724818      0.407628804       1.94332457    
  0.267499983      0.510242403      0.739937305      0.392433405       1.92277932    
  0.272499979      0.496328354      0.768297017      0.377654284       1.90224016    
  0.277500004      0.482692659      0.796724081      0.363321424       1.88174307    
  0.282499999      0.469395936      0.825076222      0.349497974       1.86142421    
  0.287499994      0.456551224      0.853097916      0.336288869       1.84146309    
  0.292499989      0.444400549      0.880217075      0.323912144       1.82218599    
  0.297499985      0.433538765      0.904938936      0.312972337       1.80475426    
  0.302499980      0.425328165      0.923925638      0.304792553       1.79151416    
  0.307500005      0.421850085      0.931930959      0.301393598       1.78614199    
  0.312500000      0.421809584      0.931796014      0.301449150       1.78664255    
  0.317499995      0.422068626      0.930930078      0.301817626       1.78772843    
  0.322499990      0.422196120      0.930353999      0.302061439       1.78863239    
  0.327499986      0.422211945      0.929985642      0.302205950       1.78942108    
  0.332499981      0.422163397      0.929723442      0.302305341       1.79021549    
  0.337499976      0.422048539      0.929562032      0.302373677       1.79110718    
  0.342500001      0.421898156      0.929393411      0.302426249       1.79205739    
  0.347499996      0.421663344      0.929310143      0.302447408       1.79318070    
  0.352499992      0.421342373      0.929232299      0.302449316       1.79455793    
  0.357499987      0.420887321      0.929200470      0.302424580       1.79635131    
  0.362499982      0.420252562      0.929207206      0.302367955       1.79872763    
  0.367499977      0.419370979      0.929256439      0.302268803       1.80191791    
  0.372500002      0.418159008      0.929351449      0.302125305       1.80628252    
  0.377499998      0.416513354      0.929498494      0.301924914       1.81221628    
  0.382499993      0.414312840      0.929706335      0.301662982       1.82026088    
  0.387499988      0.411432773      0.929972589      0.301335216       1.83101130    
  0.392499983      0.407748491      0.930293620      0.300945044       1.84516358    
  0.397499979      0.403148741      0.930658937      0.300498217       1.86344504    
  0.402499974      0.397549748      0.931060135      0.300007880       1.88660586    
  0.407499999      0.390917033      0.931465089      0.299500883       1.91537380    
  0.412499994      0.383261830      0.931861103      0.298999608       1.95036137    
  0.417499989      0.374664277      0.932218373      0.298537582       1.99203396    
  0.422499985      0.365275145      0.932493508      0.298151553       2.04059577    
  0.427499980      0.355281413      0.932712495      0.297857404       2.09592605    
  0.432499975      0.344949007      0.932820022      0.297694027       2.15752220    
  0.437500000      0.334552079      0.932812691      0.297665149       2.22435594    
  0.442499995      0.324381322      0.932678699      0.297792286       2.29507875    
  0.447499990      0.314695776      0.932437241      0.298056871       2.36781764    
  0.452499986      0.305731148      0.932103455      0.298442781       2.44040227    
  0.457499981      0.297665834      0.931690097      0.298925191       2.51057720    
  0.462499976      0.290610611      0.931226134      0.299468964       2.57620502    
  0.467500001      0.284610331      0.930741847      0.300035208       2.63549137    
  0.472499996      0.279653192      0.930252254      0.300595254       2.68721485    
  0.477499992      0.275671929      0.929781854      0.301118016       2.73076439    
  0.482499987      0.272563875      0.929357588      0.301579952       2.76614046    
  0.487499982      0.270208359      0.928962708      0.301962048       2.79378915    
  0.492499977      0.268471837      0.928586781      0.302263975       2.81467152    
  0.497499973      0.267223895      0.928204536      0.302476197       2.82980132    
  0.502499998      0.266339064      0.927767754      0.302589297       2.84026432    
  0.507499993      0.265701562      0.927198946      0.302585214       2.84704018    
  0.512499988      0.265209734      0.926331460      0.302435577       2.85090971    
  0.517499983      0.264746100      0.924978673      0.302072912       2.85247755    
  0.522499979      0.264196366      0.922767341      0.301394910       2.85199714    
  0.527499974      0.263410300      0.919139922      0.300226748       2.84942126    
  0.532499969      0.262183517      0.913212240      0.298285544       2.84424376    
  0.537499964      0.260222673      0.903595626      0.295136780       2.83542538    
  0.542499959      0.257101983      0.888145924      0.290128142       2.82113910    
  0.547500014      0.252218872      0.863628149      0.282331020       2.79847264    
  0.552500010      0.244777277      0.825345039      0.270533830       2.76306129    
  0.557500005      0.233864814      0.767000020      0.253398865       2.70881844    
  0.562500000      0.218755841      0.681461692      0.229996979       2.62846661    
  0.567499995      0.199561387      0.563967288      0.200879961       2.51651859    
  0.572499990      0.178064197      0.419271946      0.169316649       2.37718582    
  0.577499986      0.157814384      0.269162238      0.141011477       2.23381877    
  0.582499981      0.142414674      0.146053091      0.120821670       2.12094879    
  0.587499976      0.133080378       6.83032349E-02  0.109349377       2.05419803    
  0.592499971      0.128423229       2.89644916E-02  0.103890248       2.02241969    
  0.597499967      0.126382321       1.16873421E-02  0.101559907       2.00898194    
  0.602499962      0.125547439       4.62434348E-03  0.100618139       2.00358820    
  0.607499957      0.125215903       1.82631821E-03  0.100246221       2.00146747    
  0.612500012      0.125085354       7.30637868E-04  0.100100391       2.00064182    
  0.617500007      0.125033468       3.00996180E-04  0.100042537       2.00031543    
  0.622500002      0.125011921       1.29203210E-04  0.100019485       2.00019908    
  0.627499998      0.125003055       5.74678306E-05  0.100008383       2.00011897    
  0.632499993      0.125000000       2.32725724E-05  0.100003369       2.00006747    
  0.637499988      0.125000000       6.03391891E-06  0.100000016       2.00000048    
  0.642499983      0.125000000       6.57262547E-07  0.100000009       2.00000024    
  0.647499979      0.125000000       7.04526926E-08  0.100000009       2.00000024    
  0.652499974      0.125000000       3.95377864E-09  0.100000009       2.00000024    
  0.657499969      0.125000000       0.00000000      0.100000009       2.00000024    
  0.662499964      0.125000000       0.00000000      0.100000009       2.00000024    
  0.667499959      0.125000000       0.00000000      0.100000009       2.00000024    
  0.672499955      0.125000000       0.00000000      0.100000009       2.00000024    
  0.677500010      0.125000000       0.00000000      0.100000009       2.00000024    
  0.682500005      0.125000000       0.00000000      0.100000009       2.00000024    
  0.687500000      0.125000000       0.00000000      0.100000009       2.00000024    
  0.692499995      0.125000000       0.00000000      0.100000009       2.00000024    
  0.697499990      0.125000000       0.00000000      0.100000009       2.00000024    
  0.702499986      0.125000000       0.00000000      0.100000009       2.00000024    
  0.707499981      0.125000000       0.00000000      0.100000009       2.00000024    
  0.712499976      0.125000000       0.00000000      0.100000009       2.00000024    
  0.717499971      0.125000000       0.00000000      0.100000009       2.00000024    
  0.722499967      0.125000000       0.00000000      0.100000009       2.00000024    
  0.727499962      0.125000000       0.00000000      0.100000009       2.00000024    
  0.732499957      0.125000000       0.00000000      0.100000009       2.00000024    
  0.737499952      0.125000000       0.00000000      0.100000009       2.00000024    
  0.742500007      0.125000000       0.00000000      0.100000009       2.00000024    
  0.747500002      0.125000000       0.00000000      0.100000009       2.00000024    
  0.752499998      0.125000000       0.00000000      0.100000009       2.00000024    
  0.757499993      0.125000000       0.00000000      0.100000009       2.00000024    
  0.762499988      0.125000000       0.00000000      0.100000009       2.00000024    
  0.767499983      0.125000000       0.00000000      0.100000009       2.00000024    
  0.772499979      0.125000000       0.00000000      0.100000009       2.00000024    
  0.777499974      0.125000000       0.00000000      0.100000009       2.00000024    
  0.782499969      0.125000000       0.00000000      0.100000009       2.00000024    
  0.787499964      0.125000000       0.00000000      0.100000009       2.00000024    
  0.792499959      0.125000000       0.00000000      0.100000009       2.00000024    
  0.797499955      0.125000000       0.00000000      0.100000009       2.00000024    
  0.802499950      0.125000000       0.00000000      0.100000009       2.00000024    
  0.807500005      0.125000000       0.00000000      0.100000009       2.00000024    
  0.812500000      0.125000000       0.00000000      0.100000009       2.00000024    
  0.817499995      0.125000000       0.00000000      0.100000009       2.00000024    
  0.822499990      0.125000000       0.00000000      0.100000009       2.00000024    
  0.827499986      0.125000000       0.00000000      0.100000009       2.00000024    
  0.832499981      0.125000000       0.00000000      0.100000009       2.00000024    
  0.837499976      0.125000000       0.00000000      0.100000009       2.00000024    
  0.842499971      0.125000000       0.00000000      0.100000009       2.00000024    
  0.847499967      0.125000000       0.00000000      0.100000009       2.00000024    
  0.852499962      0.125000000       0.00000000      0.100000009       2.00000024    
  0.857499957      0.125000000       0.00000000      0.100000009       2.00000024    
  0.862499952      0.125000000       0.00000000      0.100000009       2.00000024    
  0.867500007      0.125000000       0.00000000      0.100000009       2.00000024    
  0.872500002      0.125000000       0.00000000      0.100000009       2.00000024    
  0.877499998      0.125000000       0.00000000      0.100000009       2.00000024    
  0.882499993      0.125000000       0.00000000      0.100000009       2.00000024    
  0.887499988      0.125000000       0.00000000      0.100000009       2.00000024    
  0.892499983      0.125000000       0.00000000      0.100000009       2.00000024    
  0.897499979      0.125000000       0.00000000      0.100000009       2.00000024    
  0.902499974      0.125000000       0.00000000      0.100000009       2.00000024    
  0.907499969      0.125000000       0.00000000      0.100000009       2.00000024    
  0.912499964      0.125000000       0.00000000      0.100000009       2.00000024    
  0.917499959      0.125000000       0.00000000      0.100000009       2.00000024    
  0.922499955      0.125000000       0.00000000      0.100000009       2.00000024    
  0.927499950      0.125000000       0.00000000      0.100000009       2.00000024    
  0.932500005      0.125000000       0.00000000      0.100000009       2.00000024    
  0.937500000      0.125000000       0.00000000      0.100000009       2.00000024    
  0.942499995      0.125000000       0.00000000      0.100000009       2.00000024    
  0.947499990      0.125000000       0.00000000      0.100000009       2.00000024    
  0.952499986      0.125000000       0.00000000      0.100000009       2.00000024    
  0.957499981      0.125000000       0.00000000      0.100000009       2.00000024    
  0.962499976      0.125000000       0.00000000      0.100000009       2.00000024    
  0.967499971      0.125000000       0.00000000      0.100000009       2.00000024    
  0.972499967      0.125000000       0.00000000      0.100000009       2.00000024    
  0.977499962      0.125000000       0.00000000      0.100000009       2.00000024    
  0.982499957      0.125000000       0.00000000      0.100000009       2.00000024    
  0.987499952      0.125000000       0.00000000      0.100000009       2.00000024    
  0.992499948      0.125000000       0.00000000      0.100000009       2.00000024    
  0.997500002      0.125000000       0.00000000      0.100000009       2.00000024    
