 Variables="X","Density","Velocity","Pressure","Energy"
   2.49999994E-03   1.00000000       5.40676126E-07  0.999999940       2.50000000    
   7.49999983E-03  0.999999821       6.61082458E-06  0.999999642       2.49999976    
   1.24999993E-02  0.999965549       5.22687333E-05  0.999953389       2.49996972    
   1.75000001E-02  0.999838114       2.16388551E-04  0.999768794       2.49982667    
   2.24999990E-02  0.999553382       5.57461404E-04  0.999368608       2.49953818    
   2.74999999E-02  0.999022782       1.18470134E-03  0.998618066       2.49898815    
   3.24999988E-02  0.998115361       2.24896381E-03  0.997346163       2.49807620    
   3.74999978E-02  0.996655703       3.95393465E-03  0.995300114       2.49660778    
   4.24999967E-02  0.994424164       6.55462872E-03  0.992178023       2.49437475    
   4.74999957E-02  0.991174638       1.03392871E-02  0.987637579       2.49113202    
   5.24999984E-02  0.986670256       1.55953011E-02  0.981348276       2.48663688    
   5.74999973E-02  0.980707645       2.25655772E-02  0.973042727       2.48071551    
   6.24999963E-02  0.973173320       3.14128362E-02  0.962563753       2.47323847    
   6.75000027E-02  0.964056730       4.21717167E-02  0.949921429       2.46423364    
   7.24999979E-02  0.953464985       5.47625981E-02  0.935272038       2.45379758    
   7.75000006E-02  0.941592872       6.89935982E-02  0.918904424       2.44214082    
   8.25000033E-02  0.928698182       8.46086144E-02  0.901188016       2.42952371    
   8.74999985E-02  0.915040910      0.101340070      0.882487893       2.41619658    
   9.25000012E-02  0.900840521      0.118936688      0.863128304       2.40241456    
   9.74999964E-02  0.886375129      0.137270883      0.843504190       2.38850522    
  0.102499999      0.871829331      0.156311736      0.823981822       2.37501240    
  0.107500002      0.857210457      0.175753787      0.804499745       2.36171746    
  0.112499997      0.842572868      0.195492715      0.785144925       2.34871435    
  0.117500000      0.827988207      0.215457037      0.766003013       2.33605504    
  0.122500002      0.813525736      0.235575899      0.747140348       2.32374310    
  0.127499998      0.799176216      0.255825490      0.728561640       2.31182551    
  0.132499993      0.784959733      0.276181310      0.710293949       2.30033684    
  0.137500003      0.770869255      0.296638072      0.692332447       2.28929496    
  0.142499998      0.756934583      0.317167610      0.674707055       2.27871704    
  0.147499993      0.743184865      0.337750226      0.657430589       2.26856899    
  0.152500004      0.729597986      0.358397067      0.640479267       2.25885510    
  0.157499999      0.716169953      0.379101485      0.623855710       2.24960923    
  0.162499994      0.702908754      0.399846792      0.607577026       2.24087739    
  0.167500004      0.689846516      0.420625418      0.591639817       2.23256254    
  0.172499999      0.676927507      0.441444218      0.576029420       2.22480392    
  0.177499995      0.664196551      0.462294221      0.560752869       2.21750164    
  0.182500005      0.651639640      0.483181566      0.545795381       2.21066356    
  0.187500000      0.639238060      0.504093707      0.531167686       2.20440221    
  0.192499995      0.627073944      0.525023341      0.516864240       2.19844437    
  0.197499990      0.614965022      0.545974731      0.502880275       2.19338918    
  0.202500001      0.603209615      0.566944718      0.489206761       2.18822885    
  0.207499996      0.591457367      0.587939680      0.475835204       2.18411946    
  0.212499991      0.579929650      0.608945787      0.462777048       2.18037844    
  0.217500001      0.568695545      0.629961967      0.450014889       2.17670298    
  0.222499996      0.557414830      0.651004255      0.437538981       2.17426133    
  0.227499992      0.546482444      0.672052085      0.425371587       2.17177963    
  0.232500002      0.535625815      0.693074942      0.413505435       2.17018723    
  0.237499997      0.525086284      0.714072049      0.401937544       2.16862345    
  0.242499992      0.514590681      0.735053599      0.390659004       2.16806340    
  0.247500002      0.504295588      0.756011546      0.379667878       2.16794610    
  0.252499998      0.494253576      0.776943982      0.368956596       2.16805243    
  0.257499993      0.484350473      0.797836661      0.358533323       2.16885996    
  0.262499988      0.474681854      0.818659127      0.348412246       2.17007923    
  0.267499983      0.464993626      0.839364827      0.338574350       2.17258406    
  0.272500008      0.455835938      0.859996676      0.329078823       2.17460680    
  0.277500004      0.446815491      0.880266368      0.320066541       2.17825508    
  0.282499999      0.438331693      0.899737537      0.311890334       2.18361282    
  0.287499994      0.430774659      0.917083025      0.305460721       2.19326138    
  0.292499989      0.425771385      0.929214537      0.301969469       2.20479274    
  0.297499985      0.424007654      0.933178902      0.300979197       2.21002102    
  0.302500010      0.424526155      0.932015836      0.301364809       2.20903969    
  0.307500005      0.425341517      0.930169404      0.302444667       2.21026564    
  0.312500000      0.425325036      0.930177808      0.302447230       2.21035719    
  0.317499995      0.425183564      0.930463374      0.302292883       2.21030688    
  0.322499990      0.425172359      0.930411100      0.302373141       2.21077704    
  0.327499986      0.425110072      0.930473745      0.302337199       2.21088433    
  0.332499981      0.425125450      0.930399537      0.302385420       2.21103454    
  0.337500006      0.425160259      0.930262983      0.302451134       2.21114850    
  0.342500001      0.425226778      0.930081606      0.302551657       2.21129251    
  0.347499996      0.425284386      0.929901123      0.302617162       2.21126890    
  0.352499992      0.425280720      0.929730535      0.302708000       2.21165943    
  0.357499987      0.425261289      0.929621279      0.302777946       2.21205044    
  0.362499982      0.425237358      0.929504991      0.302853197       2.21248484    
  0.367500007      0.425210893      0.929414332      0.302920073       2.21290469    
  0.372500002      0.425179869      0.929325283      0.302976012       2.21328068    
  0.377499998      0.425142944      0.929242671      0.303038359       2.21372533    
  0.382499993      0.425099462      0.929195285      0.303077102       2.21409154    
  0.387499988      0.425047100      0.929148853      0.303126484       2.21455836    
  0.392499983      0.424959660      0.929075718      0.303144902       2.21496558    
  0.397499979      0.424806625      0.928985596      0.303200424       2.21585107    
  0.402500004      0.424594343      0.928967237      0.303219169       2.21683645    
  0.407499999      0.424333513      0.928939521      0.303247482       2.21807504    
  0.412499994      0.424006850      0.928929210      0.303280085       2.21963406    
  0.417499989      0.423606992      0.928928852      0.303303331       2.22145891    
  0.422499985      0.423125476      0.928928077      0.303325623       2.22362685    
  0.427499980      0.422534585      0.928931773      0.303351551       2.22628999    
  0.432500005      0.421802491      0.928945243      0.303376466       2.22956538    
  0.437500000      0.420881331      0.928961337      0.303400189       2.23365641    
  0.442499995      0.419691116      0.928979099      0.303424627       2.23892927    
  0.447499990      0.418104231      0.928998351      0.303446949       2.24594069    
  0.452499986      0.415915370      0.929020286      0.303472191       2.25566173    
  0.457499981      0.412797511      0.929045141      0.303497225       2.26961398    
  0.462500006      0.408256441      0.929078043      0.303524882       2.29025865    
  0.467500001      0.401602983      0.929113865      0.303549856       2.32124043    
  0.472499996      0.391968518      0.929154813      0.303575605       2.36788893    
  0.477499992      0.378407508      0.929200947      0.303600132       2.43748236    
  0.482499987      0.360104859      0.929253340      0.303628296       2.53967190    
  0.487499982      0.336659700      0.929313064      0.303655475       2.68672538    
  0.492499977      0.310247183      0.929376423      0.303682953       2.87897515    
  0.497500002      0.290770531      0.929444253      0.303708881       3.04317546    
  0.502499998      0.278614908      0.929516375      0.303735554       3.15740705    
  0.507499993      0.271594614      0.929596961      0.303760737       3.22816110    
  0.512499988      0.267877370      0.929678082      0.303789824       3.26730824    
  0.517499983      0.266116500      0.929764867      0.303822488       3.28645611    
  0.522499979      0.265403330      0.929863811      0.303851604       3.29449201    
  0.527499974      0.265198886      0.929977596      0.303880751       3.29707885    
  0.532499969      0.265192181      0.930091321      0.303913653       3.29756737    
  0.537499964      0.265259147      0.930191696      0.303947598       3.29725718    
  0.542500019      0.265416414      0.930318236      0.303997248       3.29614520    
  0.547500014      0.265598655      0.930457592      0.304023534       3.29455781    
  0.552500010      0.265678227      0.930596471      0.304062575       3.29419684    
  0.557500005      0.265729368      0.930746675      0.304114908       3.29427838    
  0.562500000      0.265768051      0.930905759      0.304161221       3.29444599    
  0.567499995      0.265809774      0.931079209      0.304225892       3.29476643    
  0.572499990      0.265856326      0.931247175      0.304293960       3.29506207    
  0.577499986      0.265905589      0.931447923      0.304362059       3.29535913    
  0.582499981      0.265966266      0.931653082      0.304429740       3.29553342    
  0.587499976      0.266023397      0.931823194      0.304489136       3.29563570    
  0.592499971      0.266077340      0.932034016      0.304557383       3.29589319    
  0.597499967      0.266164094      0.932426393      0.304689616       3.29656839    
  0.602499962      0.266286612      0.932859182      0.304838508       3.29705334    
  0.607500017      0.266321212      0.932956457      0.304870456       3.29707193    
  0.612500012      0.266296029      0.932822883      0.304822624       3.29676890    
  0.617500007      0.266146392      0.932197630      0.304609448       3.29579258    
  0.622500002      0.265709490      0.930467606      0.304025680       3.29339337    
  0.627499998      0.264686555      0.926387846      0.302658409       3.28774691    
  0.632499993      0.262468576      0.917410314      0.299664021       3.27510571    
  0.637499988      0.257861316      0.898346484      0.293398470       3.24805093    
  0.642499983      0.248727337      0.859021544      0.280854642       3.19187593    
  0.647499979      0.231946513      0.781073093      0.257398903       3.07937241    
  0.652499974      0.205151498      0.637759805      0.218810618       2.86982059    
  0.657499969      0.171309054      0.418674499      0.167909786       2.53803682    
  0.662499964      0.144946977      0.188654661      0.126622081       2.20173335    
  0.667499959      0.132004052       6.42986745E-02  0.108429596       2.05559492    
  0.672500014      0.127119243       1.90364476E-02  0.102428682       2.01460266    
  0.677500010      0.125602692       5.37126884E-03  0.100681134       2.00397515    
  0.682500005      0.125169605       1.50866807E-03  0.100192197       2.00113010    
  0.687500000      0.125047743       4.33332316E-04  0.100056238       2.00036073    
  0.692499995      0.125013351       1.29784894E-04  0.100017518       2.00013685    
  0.697499990      0.125002190       3.96798132E-05  0.100005344       2.00007200    
  0.702499986      0.125000000       8.62516208E-06  0.100000389       2.00000787    
  0.707499981      0.125000000       5.20806793E-07   9.99999940E-02   2.00000000    
  0.712499976      0.125000000       2.18947278E-08   9.99999940E-02   2.00000000    
  0.717499971      0.125000000       0.00000000       9.99999940E-02   2.00000000    
  0.722499967      0.125000000       0.00000000       9.99999940E-02   2.00000000    
  0.727499962      0.125000000       0.00000000       9.99999940E-02   2.00000000    
  0.732499957      0.125000000       0.00000000       9.99999940E-02   2.00000000    
  0.737500012      0.125000000       0.00000000       9.99999940E-02   2.00000000    
  0.742500007      0.125000000       0.00000000       9.99999940E-02   2.00000000    
  0.747500002      0.125000000       0.00000000       9.99999940E-02   2.00000000    
  0.752499998      0.125000000       0.00000000       9.99999940E-02   2.00000000    
  0.757499993      0.125000000       0.00000000       9.99999940E-02   2.00000000    
  0.762499988      0.125000000       0.00000000       9.99999940E-02   2.00000000    
  0.767499983      0.125000000       0.00000000       9.99999940E-02   2.00000000    
  0.772499979      0.125000000       0.00000000       9.99999940E-02   2.00000000    
  0.777499974      0.125000000       0.00000000       9.99999940E-02   2.00000000    
  0.782499969      0.125000000       0.00000000       9.99999940E-02   2.00000000    
  0.787499964      0.125000000       0.00000000       9.99999940E-02   2.00000000    
  0.792499959      0.125000000       0.00000000       9.99999940E-02   2.00000000    
  0.797499955      0.125000000       0.00000000       9.99999940E-02   2.00000000    
  0.802500010      0.125000000       0.00000000       9.99999940E-02   2.00000000    
  0.807500005      0.125000000       0.00000000       9.99999940E-02   2.00000000    
  0.812500000      0.125000000       0.00000000       9.99999940E-02   2.00000000    
  0.817499995      0.125000000       0.00000000       9.99999940E-02   2.00000000    
  0.822499990      0.125000000       0.00000000       9.99999940E-02   2.00000000    
  0.827499986      0.125000000       0.00000000       9.99999940E-02   2.00000000    
  0.832499981      0.125000000       0.00000000       9.99999940E-02   2.00000000    
  0.837499976      0.125000000       0.00000000       9.99999940E-02   2.00000000    
  0.842499971      0.125000000       0.00000000       9.99999940E-02   2.00000000    
  0.847499967      0.125000000       0.00000000       9.99999940E-02   2.00000000    
  0.852499962      0.125000000       0.00000000       9.99999940E-02   2.00000000    
  0.857499957      0.125000000       0.00000000       9.99999940E-02   2.00000000    
  0.862500012      0.125000000       0.00000000       9.99999940E-02   2.00000000    
  0.867500007      0.125000000       0.00000000       9.99999940E-02   2.00000000    
  0.872500002      0.125000000       0.00000000       9.99999940E-02   2.00000000    
  0.877499998      0.125000000       0.00000000       9.99999940E-02   2.00000000    
  0.882499993      0.125000000       0.00000000       9.99999940E-02   2.00000000    
  0.887499988      0.125000000       0.00000000       9.99999940E-02   2.00000000    
  0.892499983      0.125000000       0.00000000       9.99999940E-02   2.00000000    
  0.897499979      0.125000000       0.00000000       9.99999940E-02   2.00000000    
  0.902499974      0.125000000       0.00000000       9.99999940E-02   2.00000000    
  0.907499969      0.125000000       0.00000000       9.99999940E-02   2.00000000    
  0.912499964      0.125000000       0.00000000       9.99999940E-02   2.00000000    
  0.917499959      0.125000000       0.00000000       9.99999940E-02   2.00000000    
  0.922499955      0.125000000       0.00000000       9.99999940E-02   2.00000000    
  0.927500010      0.125000000       0.00000000       9.99999940E-02   2.00000000    
  0.932500005      0.125000000       0.00000000       9.99999940E-02   2.00000000    
  0.937500000      0.125000000       0.00000000       9.99999940E-02   2.00000000    
  0.942499995      0.125000000       0.00000000       9.99999940E-02   2.00000000    
  0.947499990      0.125000000       0.00000000       9.99999940E-02   2.00000000    
  0.952499986      0.125000000       0.00000000       9.99999940E-02   2.00000000    
  0.957499981      0.125000000       0.00000000       9.99999940E-02   2.00000000    
  0.962499976      0.125000000       0.00000000       9.99999940E-02   2.00000000    
  0.967499971      0.125000000       0.00000000       9.99999940E-02   2.00000000    
  0.972499967      0.125000000       0.00000000       9.99999940E-02   2.00000000    
  0.977499962      0.125000000       0.00000000       9.99999940E-02   2.00000000    
  0.982499957      0.125000000       0.00000000       9.99999940E-02   2.00000000    
  0.987499952      0.125000000       0.00000000       9.99999940E-02   2.00000000    
  0.992500007      0.125000000       0.00000000       9.99999940E-02   2.00000000    
  0.997500002      0.125000000       0.00000000       9.99999940E-02   2.00000000    
