     TIME           U            X
   0.00000000      -1.00000000       0.00000000    
   0.00000000     -0.864666760       9.99999978E-03
   0.00000000     -0.731310129       1.99999996E-02
   0.00000000     -0.601875484       2.99999993E-02
   0.00000000     -0.478246272       3.99999991E-02
   0.00000000     -0.362214744       4.99999970E-02
   0.00000000     -0.255452871       5.99999987E-02
   0.00000000     -0.159486771       7.00000003E-02
   0.00000000      -7.56720901E-02   7.99999982E-02
   0.00000000      -5.17284870E-03   8.99999961E-02
   0.00000000       5.10565639E-02   9.99999940E-02
   0.00000000       9.22873020E-02  0.109999999    
   0.00000000      0.118026733      0.119999997    
   0.00000000      0.128026724      0.129999995    
   0.00000000      0.122287214      0.140000001    
   0.00000000      0.101056457      0.149999991    
   0.00000000       6.48269653E-02  0.159999996    
   0.00000000       1.43278837E-02  0.170000002    
   0.00000000      -4.94868755E-02  0.179999992    
   0.00000000     -0.125452936      0.189999998    
   0.00000000     -0.212214828      0.199999988    
   0.00000000     -0.308246255      0.209999993    
   0.00000000     -0.411875576      0.219999999    
   0.00000000     -0.521310329      0.229999989    
   0.00000000     -0.634666800      0.239999995    
   0.00000000     -0.750000060      0.250000000    
   0.00000000     -0.865333140      0.259999990    
   0.00000000     -0.978690088      0.269999981    
   0.00000000      -1.08812451      0.280000001    
   0.00000000      -1.19175375      0.289999992    
   0.00000000      -1.28778553      0.299999982    
   0.00000000      -1.37454724      0.310000002    
   0.00000000      -1.45051336      0.319999993    
   0.00000000      -1.51432800      0.329999983    
   0.00000000      -1.56482720      0.340000004    
   0.00000000      -1.60105646      0.349999994    
   0.00000000      -1.62228727      0.359999985    
   0.00000000      -1.62802672      0.370000005    
   0.00000000      -1.61802673      0.379999995    
   0.00000000      -1.59228730      0.389999986    
   0.00000000      -1.55105650      0.399999976    
   0.00000000      -1.49482703      0.409999996    
   0.00000000      -1.42432809      0.419999987    
   0.00000000      -1.34051299      0.429999977    
   0.00000000      -1.24454689      0.439999998    
   0.00000000      -1.13778532      0.449999988    
   0.00000000      -1.02175331      0.459999979    
   0.00000000     -0.898124516      0.469999999    
   0.00000000     -0.768689811      0.479999989    
   0.00000000     -0.635333121      0.489999980    
   0.00000000     -0.499999821      0.500000000    
   0.00000000     -0.364666551      0.509999990    
   0.00000000     -0.231310323      0.519999981    
   0.00000000     -0.101875603      0.529999971    
   0.00000000       2.17540264E-02  0.539999962    
   0.00000000      0.137785614      0.550000012    
   0.00000000      0.244547129      0.560000002    
   0.00000000      0.340513289      0.569999993    
   0.00000000      0.424327970      0.579999983    
   0.00000000      0.494826913      0.589999974    
   0.00000000      0.551056743      0.599999964    
   0.00000000      0.592287302      0.610000014    
   0.00000000      0.618026733      0.620000005    
   0.00000000      0.628026724      0.629999995    
   0.00000000      0.622287154      0.639999986    
   0.00000000      0.601056635      0.649999976    
   0.00000000      0.564826846      0.659999967    
   0.00000000      0.514327645      0.669999957    
   0.00000000      0.450512826      0.680000007    
   0.00000000      0.374546587      0.689999998    
   0.00000000      0.287785411      0.699999988    
   0.00000000      0.191753805      0.709999979    
   0.00000000       8.81238282E-02  0.719999969    
   0.00000000      -2.13109404E-02  0.729999959    
   0.00000000     -0.134666726      0.740000010    
   0.00000000     -0.250000030      0.750000000    
   0.00000000     -0.365333319      0.759999990    
   0.00000000     -0.478690028      0.769999981    
   0.00000000     -0.588124752      0.779999971    
   0.00000000     -0.691753864      0.789999962    
   0.00000000     -0.787785470      0.799999952    
   0.00000000     -0.874547362      0.810000002    
   0.00000000     -0.950513482      0.819999993    
   0.00000000      -1.01432824      0.829999983    
   0.00000000      -1.06482697      0.839999974    
   0.00000000      -1.10105658      0.849999964    
   0.00000000      -1.12228727      0.859999955    
   0.00000000      -1.12802672      0.870000005    
   0.00000000      -1.11802673      0.879999995    
   0.00000000      -1.09228730      0.889999986    
   0.00000000      -1.05105662      0.899999976    
   0.00000000     -0.994826674      0.909999967    
   0.00000000     -0.924327433      0.919999957    
   0.00000000     -0.840513229      0.930000007    
   0.00000000     -0.744547069      0.939999998    
   0.00000000     -0.637785196      0.949999988    
   0.00000000     -0.521753550      0.959999979    
   0.00000000     -0.398123443      0.969999969    
   0.00000000     -0.268689632      0.979999959    
   0.00000000     -0.135332927      0.989999950    
   0.00000000       0.00000000       1.00000000    

   4.99999970E-02  -1.00000000       0.00000000    
   4.99999970E-02 -0.987606645       9.99999978E-03
   4.99999970E-02 -0.975250959       1.99999996E-02
   4.99999970E-02 -0.962970257       2.99999993E-02
   4.99999970E-02 -0.950800419       3.99999991E-02
   4.99999970E-02 -0.938775659       4.99999970E-02
   4.99999970E-02 -0.926927924       5.99999987E-02
   4.99999970E-02 -0.915286303       7.00000003E-02
   4.99999970E-02 -0.903876722       7.99999982E-02
   4.99999970E-02 -0.892721415       8.99999961E-02
   4.99999970E-02 -0.881838620       9.99999940E-02
   4.99999970E-02 -0.871242166      0.109999999    
   4.99999970E-02 -0.860941708      0.119999997    
   4.99999970E-02 -0.850941598      0.129999995    
   4.99999970E-02 -0.841242313      0.140000001    
   4.99999970E-02 -0.831838489      0.149999991    
   4.99999970E-02 -0.822721481      0.159999996    
   4.99999970E-02 -0.813876629      0.170000002    
   4.99999970E-02 -0.805286288      0.179999992    
   4.99999970E-02 -0.796927810      0.189999998    
   4.99999970E-02 -0.788775682      0.199999988    
   4.99999970E-02 -0.780800343      0.209999993    
   4.99999970E-02 -0.772970378      0.219999999    
   4.99999970E-02 -0.765250921      0.229999989    
   4.99999970E-02 -0.757606745      0.239999995    
   4.99999970E-02 -0.750000000      0.250000000    
   4.99999970E-02 -0.742393494      0.259999990    
   4.99999970E-02 -0.734748960      0.269999981    
   4.99999970E-02 -0.727029800      0.280000001    
   4.99999970E-02 -0.719199598      0.289999992    
   4.99999970E-02 -0.711224437      0.299999982    
   4.99999970E-02 -0.703072131      0.310000002    
   4.99999970E-02 -0.694713831      0.319999993    
   4.99999970E-02 -0.686123252      0.329999983    
   4.99999970E-02 -0.677278638      0.340000004    
   4.99999970E-02 -0.668161392      0.349999994    
   4.99999970E-02 -0.658757806      0.359999985    
   4.99999970E-02 -0.649058282      0.370000005    
   4.99999970E-02 -0.639058411      0.379999995    
   4.99999970E-02 -0.628757715      0.389999986    
   4.99999970E-02 -0.618161500      0.399999976    
   4.99999970E-02 -0.607278466      0.409999996    
   4.99999970E-02 -0.596123397      0.419999987    
   4.99999970E-02 -0.584713578      0.429999977    
   4.99999970E-02 -0.573072195      0.439999998    
   4.99999970E-02 -0.561224222      0.449999988    
   4.99999970E-02 -0.549199641      0.459999979    
   4.99999970E-02 -0.537029624      0.469999999    
   4.99999970E-02 -0.524749041      0.479999989    
   4.99999970E-02 -0.512393236      0.489999980    
   4.99999970E-02 -0.500000000      0.500000000    
   4.99999970E-02 -0.487606525      0.509999990    
   4.99999970E-02 -0.475251019      0.519999981    
   4.99999970E-02 -0.462970197      0.529999971    
   4.99999970E-02 -0.450800419      0.539999962    
   4.99999970E-02 -0.438775599      0.550000012    
   4.99999970E-02 -0.426927894      0.560000002    
   4.99999970E-02 -0.415286273      0.569999993    
   4.99999970E-02 -0.403876722      0.579999983    
   4.99999970E-02 -0.392721415      0.589999974    
   4.99999970E-02 -0.381838620      0.599999964    
   4.99999970E-02 -0.371242225      0.610000014    
   4.99999970E-02 -0.360941708      0.620000005    
   4.99999970E-02 -0.350941658      0.629999995    
   4.99999970E-02 -0.341242254      0.639999986    
   4.99999970E-02 -0.331838608      0.649999976    
   4.99999970E-02 -0.322721452      0.659999967    
   4.99999970E-02 -0.313876748      0.669999957    
   4.99999970E-02 -0.305286318      0.680000007    
   4.99999970E-02 -0.296927959      0.689999998    
   4.99999970E-02 -0.288775682      0.699999988    
   4.99999970E-02 -0.280800521      0.709999979    
   4.99999970E-02 -0.272970319      0.719999969    
   4.99999970E-02 -0.265251130      0.729999959    
   4.99999970E-02 -0.257606685      0.740000010    
   4.99999970E-02 -0.250000119      0.750000000    
   4.99999970E-02 -0.242393419      0.759999990    
   4.99999970E-02 -0.234749079      0.769999981    
   4.99999970E-02 -0.227029771      0.779999971    
   4.99999970E-02 -0.219199657      0.789999962    
   4.99999970E-02 -0.211224422      0.799999952    
   4.99999970E-02 -0.203072190      0.810000002    
   4.99999970E-02 -0.194713801      0.819999993    
   4.99999970E-02 -0.186123371      0.829999983    
   4.99999970E-02 -0.177278638      0.839999974    
   4.99999970E-02 -0.168161452      0.849999964    
   4.99999970E-02 -0.158757806      0.859999955    
   4.99999970E-02 -0.149058372      0.870000005    
   4.99999970E-02 -0.139058366      0.879999995    
   4.99999970E-02 -0.128757805      0.889999986    
   4.99999970E-02 -0.118161418      0.899999976    
   4.99999970E-02 -0.107278630      0.909999967    
   4.99999970E-02  -9.61233228E-02  0.919999957    
   4.99999970E-02  -8.47137645E-02  0.930000007    
   4.99999970E-02  -7.30721429E-02  0.939999998    
   4.99999970E-02  -6.12243786E-02  0.949999988    
   4.99999970E-02  -4.91995923E-02  0.959999979    
   4.99999970E-02  -3.70297246E-02  0.969999969    
   4.99999970E-02  -2.47489940E-02  0.979999959    
   4.99999970E-02  -1.23933693E-02  0.989999950    
   4.99999970E-02   0.00000000       1.00000000    

   9.99999940E-02  -1.00000000       0.00000000    
   9.99999940E-02 -0.989954293       9.99999978E-03
   9.99999940E-02 -0.979909301       1.99999996E-02
   9.99999940E-02 -0.969865799       2.99999993E-02
   9.99999940E-02 -0.959824324       3.99999991E-02
   9.99999940E-02 -0.949785709       4.99999970E-02
   9.99999940E-02 -0.939750373       5.99999987E-02
   9.99999940E-02 -0.929719090       7.00000003E-02
   9.99999940E-02 -0.919692159       7.99999982E-02
   9.99999940E-02 -0.909670115       8.99999961E-02
   9.99999940E-02 -0.899653256       9.99999940E-02
   9.99999940E-02 -0.889641881      0.109999999    
   9.99999940E-02 -0.879636168      0.119999997    
   9.99999940E-02 -0.869636059      0.129999995    
   9.99999940E-02 -0.859641969      0.140000001    
   9.99999940E-02 -0.849653125      0.149999991    
   9.99999940E-02 -0.839670181      0.159999996    
   9.99999940E-02 -0.829692006      0.170000002    
   9.99999940E-02 -0.819719195      0.179999992    
   9.99999940E-02 -0.809750319      0.189999998    
   9.99999940E-02 -0.799785793      0.199999988    
   9.99999940E-02 -0.789824247      0.209999993    
   9.99999940E-02 -0.779865861      0.219999999    
   9.99999940E-02 -0.769909263      0.229999989    
   9.99999940E-02 -0.759954393      0.239999995    
   9.99999940E-02 -0.750000000      0.250000000    
   9.99999940E-02 -0.740045846      0.259999990    
   9.99999940E-02 -0.730090737      0.269999981    
   9.99999940E-02 -0.720134377      0.280000001    
   9.99999940E-02 -0.710175753      0.289999992    
   9.99999940E-02 -0.700214446      0.299999982    
   9.99999940E-02 -0.690249681      0.310000002    
   9.99999940E-02 -0.680281043      0.319999993    
   9.99999940E-02 -0.670307994      0.329999983    
   9.99999940E-02 -0.660330057      0.340000004    
   9.99999940E-02 -0.650346875      0.349999994    
   9.99999940E-02 -0.640358269      0.359999985    
   9.99999940E-02 -0.630363941      0.370000005    
   9.99999940E-02 -0.620364010      0.379999995    
   9.99999940E-02 -0.610358119      0.389999986    
   9.99999940E-02 -0.600346863      0.399999976    
   9.99999940E-02 -0.590329885      0.409999996    
   9.99999940E-02 -0.580307961      0.419999987    
   9.99999940E-02 -0.570280910      0.429999977    
   9.99999940E-02 -0.560249746      0.439999998    
   9.99999940E-02 -0.550214291      0.449999988    
   9.99999940E-02 -0.540175796      0.459999979    
   9.99999940E-02 -0.530134201      0.469999999    
   9.99999940E-02 -0.520090818      0.479999989    
   9.99999940E-02 -0.510045707      0.489999980    
   9.99999940E-02 -0.500000119      0.500000000    
   9.99999940E-02 -0.489954263      0.509999990    
   9.99999940E-02 -0.479909450      0.519999981    
   9.99999940E-02 -0.469865739      0.529999971    
   9.99999940E-02 -0.459824502      0.539999962    
   9.99999940E-02 -0.449785620      0.550000012    
   9.99999940E-02 -0.439750552      0.560000002    
   9.99999940E-02 -0.429718971      0.569999993    
   9.99999940E-02 -0.419692248      0.579999983    
   9.99999940E-02 -0.409670025      0.589999974    
   9.99999940E-02 -0.399653316      0.599999964    
   9.99999940E-02 -0.389641821      0.610000014    
   9.99999940E-02 -0.379636168      0.620000005    
   9.99999940E-02 -0.369636089      0.629999995    
   9.99999940E-02 -0.359641910      0.639999986    
   9.99999940E-02 -0.349653214      0.649999976    
   9.99999940E-02 -0.339670122      0.659999967    
   9.99999940E-02 -0.329692125      0.669999957    
   9.99999940E-02 -0.319719106      0.680000007    
   9.99999940E-02 -0.309750378      0.689999998    
   9.99999940E-02 -0.299785733      0.699999988    
   9.99999940E-02 -0.289824367      0.709999979    
   9.99999940E-02 -0.279865831      0.719999969    
   9.99999940E-02 -0.269909352      0.729999959    
   9.99999940E-02 -0.259954363      0.740000010    
   9.99999940E-02 -0.250000060      0.750000000    
   9.99999940E-02 -0.240045756      0.759999990    
   9.99999940E-02 -0.230090737      0.769999981    
   9.99999940E-02 -0.220134288      0.779999971    
   9.99999940E-02 -0.210175723      0.789999962    
   9.99999940E-02 -0.200214386      0.799999952    
   9.99999940E-02 -0.190249667      0.810000002    
   9.99999940E-02 -0.180281028      0.819999993    
   9.99999940E-02 -0.170307934      0.829999983    
   9.99999940E-02 -0.160329998      0.839999974    
   9.99999940E-02 -0.150346845      0.849999964    
   9.99999940E-02 -0.140358239      0.859999955    
   9.99999940E-02 -0.130363971      0.870000005    
   9.99999940E-02 -0.120363981      0.879999995    
   9.99999940E-02 -0.110358223      0.889999986    
   9.99999940E-02 -0.100346833      0.899999976    
   9.99999940E-02  -9.03299749E-02  0.909999967    
   9.99999940E-02  -8.03079158E-02  0.919999957    
   9.99999940E-02  -7.02809915E-02  0.930000007    
   9.99999940E-02  -6.02496415E-02  0.939999998    
   9.99999940E-02  -5.02143539E-02  0.949999988    
   9.99999940E-02  -4.01756838E-02  0.959999979    
   9.99999940E-02  -3.01342495E-02  0.969999969    
   9.99999940E-02  -2.00906917E-02  0.979999959    
   9.99999940E-02  -1.00457063E-02  0.989999950    
   9.99999940E-02   0.00000000       1.00000000    

  0.199999988      -1.00000000       0.00000000    
  0.199999988     -0.989999533       9.99999978E-03
  0.199999988     -0.979999125       1.99999996E-02
  0.199999988     -0.969998717       2.99999993E-02
  0.199999988     -0.959998369       3.99999991E-02
  0.199999988     -0.949998081       4.99999970E-02
  0.199999988     -0.939997792       5.99999987E-02
  0.199999988     -0.929997563       7.00000003E-02
  0.199999988     -0.919997394       7.99999982E-02
  0.199999988     -0.909997225       8.99999961E-02
  0.199999988     -0.899997115       9.99999940E-02
  0.199999988     -0.889997065      0.109999999    
  0.199999988     -0.879997015      0.119999997    
  0.199999988     -0.869997025      0.129999995    
  0.199999988     -0.859997094      0.140000001    
  0.199999988     -0.849997163      0.149999991    
  0.199999988     -0.839997292      0.159999996    
  0.199999988     -0.829997480      0.170000002    
  0.199999988     -0.819997668      0.179999992    
  0.199999988     -0.809997916      0.189999998    
  0.199999988     -0.799998224      0.199999988    
  0.199999988     -0.789998472      0.209999993    
  0.199999988     -0.779998899      0.219999999    
  0.199999988     -0.769999146      0.229999989    
  0.199999988     -0.759999692      0.239999995    
  0.199999988     -0.750000000      0.250000000    
  0.199999988     -0.740000546      0.259999990    
  0.199999988     -0.730000854      0.269999981    
  0.199999988     -0.720001340      0.280000001    
  0.199999988     -0.710001588      0.289999992    
  0.199999988     -0.700002015      0.299999982    
  0.199999988     -0.690002203      0.310000002    
  0.199999988     -0.680002570      0.319999993    
  0.199999988     -0.670002639      0.329999983    
  0.199999988     -0.660002947      0.340000004    
  0.199999988     -0.650002956      0.349999994    
  0.199999988     -0.640003145      0.359999985    
  0.199999988     -0.630003095      0.370000005    
  0.199999988     -0.620003223      0.379999995    
  0.199999988     -0.610003054      0.389999986    
  0.199999988     -0.600003123      0.399999976    
  0.199999988     -0.590002894      0.409999996    
  0.199999988     -0.580002844      0.419999987    
  0.199999988     -0.570002556      0.429999977    
  0.199999988     -0.560002446      0.439999998    
  0.199999988     -0.550002038      0.449999988    
  0.199999988     -0.540001869      0.459999979    
  0.199999988     -0.530001402      0.469999999    
  0.199999988     -0.520001173      0.479999989    
  0.199999988     -0.510000765      0.489999980    
  0.199999988     -0.500000596      0.500000000    
  0.199999988     -0.490000248      0.509999990    
  0.199999988     -0.480000138      0.519999981    
  0.199999988     -0.469999820      0.529999971    
  0.199999988     -0.459999740      0.539999962    
  0.199999988     -0.449999452      0.550000012    
  0.199999988     -0.439999402      0.560000002    
  0.199999988     -0.429999173      0.569999993    
  0.199999988     -0.419999123      0.579999983    
  0.199999988     -0.409998983      0.589999974    
  0.199999988     -0.399998933      0.599999964    
  0.199999988     -0.389998853      0.610000014    
  0.199999988     -0.379998803      0.620000005    
  0.199999988     -0.369998783      0.629999995    
  0.199999988     -0.359998763      0.639999986    
  0.199999988     -0.349998772      0.649999976    
  0.199999988     -0.339998811      0.659999967    
  0.199999988     -0.329998851      0.669999957    
  0.199999988     -0.319998920      0.680000007    
  0.199999988     -0.309999019      0.689999998    
  0.199999988     -0.299999118      0.699999988    
  0.199999988     -0.289999247      0.709999979    
  0.199999988     -0.279999405      0.719999969    
  0.199999988     -0.269999564      0.729999959    
  0.199999988     -0.259999692      0.740000010    
  0.199999988     -0.249999806      0.750000000    
  0.199999988     -0.239999920      0.759999990    
  0.199999988     -0.230000019      0.769999981    
  0.199999988     -0.220000103      0.779999971    
  0.199999988     -0.210000187      0.789999962    
  0.199999988     -0.200000256      0.799999952    
  0.199999988     -0.190000311      0.810000002    
  0.199999988     -0.180000365      0.819999993    
  0.199999988     -0.170000404      0.829999983    
  0.199999988     -0.160000429      0.839999974    
  0.199999988     -0.150000453      0.849999964    
  0.199999988     -0.140000463      0.859999955    
  0.199999988     -0.130000457      0.870000005    
  0.199999988     -0.120000444      0.879999995    
  0.199999988     -0.110000432      0.889999986    
  0.199999988     -0.100000411      0.899999976    
  0.199999988      -9.00003836E-02  0.909999967    
  0.199999988      -8.00003558E-02  0.919999957    
  0.199999988      -7.00003207E-02  0.930000007    
  0.199999988      -6.00002781E-02  0.939999998    
  0.199999988      -5.00002354E-02  0.949999988    
  0.199999988      -4.00001928E-02  0.959999979    
  0.199999988      -3.00001465E-02  0.969999969    
  0.199999988      -2.00000983E-02  0.979999959    
  0.199999988      -1.00000491E-02  0.989999950    
  0.199999988       0.00000000       1.00000000    

